0 0.101719 0.078750 0.177650 0.062500
0 0.300860 0.078750 0.177650 0.067500
0 0.501433 0.078750 0.177650 0.062500
0 0.699857 0.081250 0.176218 0.067500
0 0.898281 0.077500 0.177650 0.060000
0 0.101003 0.326250 0.179083 0.067500
0 0.300860 0.322500 0.177650 0.060000
0 0.499284 0.326250 0.179083 0.072500
0 0.699857 0.323750 0.176218 0.067500
0 0.897564 0.325000 0.179083 0.070000
0 0.103868 0.568750 0.181948 0.067500
0 0.302292 0.571250 0.180516 0.072500
0 0.500000 0.570000 0.180516 0.065000
0 0.699140 0.571250 0.177650 0.072500
0 0.897564 0.566250 0.179083 0.072500
0 0.102436 0.820000 0.179083 0.065000
0 0.301576 0.817500 0.181948 0.070000
